{"producer":{"name":"Blender","version":"2.79 (sub 0)","exporter_version":"5.6.4","file":"untitled.babylon"},
"autoClear":true,"clearColor":[0.0509,0.0509,0.0509],"ambientColor":[0,0,0],"gravity":[0,-9.81,0],
"materials":[],
"multiMaterials":[],
"skeletons":[{"name":"Armature","id":0,"dimensionsAtRest":[180.6981,26.6006,191.5439],"bones":[
{"name":"mixamorig:Hips","index":0,"matrix":[0.0083,0.0009,-0.0055,0,0.0003,0.0098,0.002,0,-0.0055,0.0019,-0.0081,0,-0.0212,0.9684,-0.1409,1],"rest":[0.01,0,0,0,0,0.01,0,0,0,0,-0.01,0,0,1.0399,0,1],"parentBoneIndex":-1,"length":10.5593
,"animation":{"dataType":3,"framePerSecond":30,"keys":[
{"frame":1,"values":[0.0084,0.0007,-0.0053,0,0.0003,0.0098,0.0018,0,-0.0054,0.0017,-0.0083,0,-0.0076,0.9485,-0.0073,1]},
{"frame":2,"values":[0.0084,0.0008,-0.0054,0,0.0003,0.0098,0.0019,0,-0.0054,0.0017,-0.0082,0,-0.0116,0.9533,-0.0408,1]},
{"frame":3,"values":[0.0084,0.0008,-0.0054,0,0.0003,0.0098,0.0019,0,-0.0054,0.0018,-0.0082,0,-0.0156,0.9581,-0.0744,1]},
{"frame":4,"values":[0.0084,0.0009,-0.0054,0,0.0003,0.0098,0.002,0,-0.0055,0.0018,-0.0082,0,-0.0196,0.9629,-0.108,1]},
{"frame":5,"values":[0.0083,0.0009,-0.0055,0,0.0003,0.0098,0.002,0,-0.0055,0.0019,-0.0081,0,-0.0212,0.9684,-0.1409,1]},
{"frame":6,"values":[0.0083,0.0009,-0.0055,0,0.0003,0.0098,0.0021,0,-0.0056,0.0019,-0.0081,0,-0.0228,0.9739,-0.1739,1]},
{"frame":7,"values":[0.0082,0.0009,-0.0057,0,0.0004,0.0098,0.0021,0,-0.0057,0.002,-0.008,0,-0.0226,0.9783,-0.2063,1]},
{"frame":8,"values":[0.0081,0.0009,-0.0058,0,0.0004,0.0098,0.0022,0,-0.0058,0.002,-0.0079,0,-0.0224,0.9828,-0.2387,1]},
{"frame":9,"values":[0.008,0.001,-0.0059,0,0.0005,0.0097,0.0022,0,-0.0059,0.0021,-0.0078,0,-0.0191,0.985,-0.2712,1]},
{"frame":10,"values":[0.008,0.001,-0.006,0,0.0005,0.0097,0.0023,0,-0.006,0.0021,-0.0077,0,-0.0158,0.9872,-0.3036,1]},
{"frame":11,"values":[0.0079,0.001,-0.0061,0,0.0005,0.0097,0.0023,0,-0.0062,0.0021,-0.0076,0,-0.0108,0.9861,-0.3365,1]},
{"frame":12,"values":[0.0078,0.0011,-0.0062,0,0.0005,0.0097,0.0022,0,-0.0063,0.002,-0.0075,0,-0.0058,0.9851,-0.3693,1]},
{"frame":13,"values":[0.0077,0.0011,-0.0063,0,0.0005,0.0097,0.0023,0,-0.0064,0.0021,-0.0074,0,-0.0011,0.9769,-0.4019,1]},
{"frame":14,"values":[0.0076,0.0012,-0.0064,0,0.0005,0.0097,0.0024,0,-0.0065,0.0021,-0.0073,0,0.0037,0.9688,-0.4346,1]},
{"frame":15,"values":[0.0076,0.0013,-0.0063,0,0.0004,0.0097,0.0025,0,-0.0065,0.0021,-0.0073,0,0.0081,0.9593,-0.4673,1]},
{"frame":16,"values":[0.0077,0.0014,-0.0062,0,0.0003,0.0097,0.0025,0,-0.0064,0.0022,-0.0074,0,0.0124,0.9518,-0.5006,1]},
{"frame":17,"values":[0.0078,0.0014,-0.0061,0,0.0002,0.0097,0.0026,0,-0.0063,0.0022,-0.0075,0,0.0164,0.947,-0.5337,1]},
{"frame":18,"values":[0.0079,0.0016,-0.0059,0,0.0001,0.0096,0.0027,0,-0.0061,0.0022,-0.0076,0,0.0199,0.9443,-0.5663,1]},
{"frame":19,"values":[0.008,0.0017,-0.0058,0,0,0.0096,0.0027,0,-0.006,0.0022,-0.0077,0,0.023,0.9434,-0.5994,1]},
{"frame":20,"values":[0.0081,0.0018,-0.0056,0,-0.0002,0.0096,0.0028,0,-0.0059,0.0021,-0.0078,0,0.026,0.9453,-0.6326,1]},
{"frame":21,"values":[0.0082,0.0018,-0.0054,0,-0.0003,0.0096,0.0028,0,-0.0057,0.0021,-0.0079,0,0.0284,0.9487,-0.6661,1]},
{"frame":22,"values":[0.0083,0.0019,-0.0053,0,-0.0004,0.0096,0.0028,0,-0.0056,0.0021,-0.008,0,0.0303,0.9537,-0.7,1]},
{"frame":23,"values":[0.0084,0.0018,-0.0051,0,-0.0004,0.0096,0.0028,0,-0.0054,0.0021,-0.0082,0,0.0315,0.9601,-0.7346,1]},
{"frame":24,"values":[0.0085,0.0018,-0.0049,0,-0.0005,0.0096,0.0027,0,-0.0052,0.002,-0.0083,0,0.0319,0.9671,-0.7695,1]},
{"frame":25,"values":[0.0085,0.0018,-0.0049,0,-0.0005,0.0096,0.0026,0,-0.0052,0.0019,-0.0083,0,0.0314,0.9734,-0.8046,1]},
{"frame":26,"values":[0.0086,0.0017,-0.0048,0,-0.0006,0.0097,0.0025,0,-0.0051,0.0018,-0.0084,0,0.0309,0.9796,-0.8397,1]},
{"frame":27,"values":[0.0086,0.0017,-0.0048,0,-0.0006,0.0097,0.0023,0,-0.0051,0.0017,-0.0084,0,0.0292,0.9841,-0.8739,1]},
{"frame":28,"values":[0.0086,0.0016,-0.0049,0,-0.0006,0.0098,0.0021,0,-0.0051,0.0015,-0.0085,0,0.0274,0.9886,-0.9082,1]},
{"frame":29,"values":[0.0086,0.0015,-0.0048,0,-0.0007,0.0098,0.0019,0,-0.005,0.0013,-0.0086,0,0.0244,0.9895,-0.9418,1]},
{"frame":30,"values":[0.0087,0.0015,-0.0048,0,-0.0008,0.0098,0.0017,0,-0.0049,0.0011,-0.0086,0,0.0214,0.9904,-0.9754,1]},
{"frame":31,"values":[0.0088,0.0013,-0.0046,0,-0.0007,0.0099,0.0015,0,-0.0048,0.001,-0.0087,0,0.0186,0.9847,-1.0093,1]},
{"frame":32,"values":[0.0089,0.0011,-0.0044,0,-0.0006,0.0099,0.0013,0,-0.0045,0.0009,-0.0089,0,0.0161,0.9779,-1.0428,1]},
{"frame":33,"values":[0.0089,0.001,-0.0045,0,-0.0004,0.0099,0.0012,0,-0.0046,0.0009,-0.0089,0,0.0133,0.9721,-1.0763,1]},
{"frame":34,"values":[0.0089,0.0008,-0.0046,0,-0.0003,0.0099,0.0012,0,-0.0046,0.0009,-0.0088,0,0.0106,0.9664,-1.1098,1]},
{"frame":35,"values":[0.0088,0.0007,-0.0046,0,-0.0002,0.0099,0.0012,0,-0.0047,0.001,-0.0088,0,0.0078,0.9607,-1.1432,1]},
{"frame":36,"values":[0.0088,0.0006,-0.0047,0,0,0.0099,0.0011,0,-0.0048,0.001,-0.0087,0,0.005,0.9549,-1.1767,1]},
{"frame":37,"values":[0.0087,0.0005,-0.0049,0,0.0002,0.0099,0.0012,0,-0.0049,0.0011,-0.0086,0,0.0025,0.9522,-1.2109,1]},
{"frame":38,"values":[0.0086,0.0004,-0.005,0,0.0003,0.0099,0.0013,0,-0.0051,0.0013,-0.0085,0,0.0006,0.9497,-1.2438,1]},
{"frame":39,"values":[0.0086,0.0005,-0.0051,0,0.0003,0.0099,0.0014,0,-0.0052,0.0014,-0.0085,0,-0.0014,0.9469,-1.2757,1]},
{"frame":40,"values":[0.0085,0.0006,-0.0052,0,0.0003,0.0099,0.0016,0,-0.0052,0.0015,-0.0084,0,-0.0034,0.9455,-1.3076,1]},
{"frame":41,"values":[0.0085,0.0007,-0.0053,0,0.0003,0.0099,0.0017,0,-0.0053,0.0016,-0.0083,0,-0.0051,0.946,-1.3402,1]},
{"frame":42,"values":[0.0084,0.0007,-0.0053,0,0.0003,0.0098,0.0018,0,-0.0054,0.0017,-0.0083,0,-0.0076,0.9485,-1.3733,1]}],"loopBehavior":1,"name":"anim","property":"_matrix"}},
{"name":"mixamorig:Spine","index":1,"matrix":[0.9957,0.0303,0.087,0,-0.0498,0.9715,0.2317,0,-0.0776,-0.235,0.9689,0,0,10.1816,0.1315,1],"rest":[1,0,0,0,0,1,0,0,0,0,1,0,0,10.1816,0.1315,1],"parentBoneIndex":0,"length":10.133
,"animation":{"dataType":3,"framePerSecond":30,"keys":[
{"frame":1,"values":[0.9928,0.0667,0.0991,0,-0.0878,0.9701,0.2264,0,-0.081,-0.2335,0.969,0,0,10.1816,0.1315,1]},
{"frame":2,"values":[0.9937,0.057,0.0966,0,-0.0779,0.9704,0.2284,0,-0.0807,-0.2345,0.9688,0,0,10.1816,0.1315,1]},
{"frame":3,"values":[0.9944,0.0473,0.0941,0,-0.0679,0.9707,0.2304,0,-0.0805,-0.2355,0.9685,0,0,10.1816,0.1315,1]},
{"frame":4,"values":[0.9951,0.0375,0.0916,0,-0.058,0.9709,0.2323,0,-0.0802,-0.2365,0.9683,0,0,10.1816,0.1315,1]},
{"frame":5,"values":[0.9957,0.0303,0.087,0,-0.0498,0.9715,0.2317,0,-0.0776,-0.235,0.9689,0,0,10.1816,0.1315,1]},
{"frame":6,"values":[0.9963,0.023,0.0825,0,-0.0415,0.9721,0.2309,0,-0.0749,-0.2335,0.9695,0,0,10.1816,0.1315,1]},
{"frame":7,"values":[0.9972,0.0188,0.0721,0,-0.0353,0.9715,0.2344,0,-0.0657,-0.2363,0.9695,0,0,10.1816,0.1315,1]},
{"frame":8,"values":[0.998,0.0147,0.0618,0,-0.0291,0.9709,0.2379,0,-0.0565,-0.2392,0.9693,0,0,10.1816,0.1315,1]},
{"frame":9,"values":[0.9986,0.0103,0.0527,0,-0.0227,0.9702,0.2414,0,-0.0486,-0.2423,0.969,0,0,10.1816,0.1315,1]},
{"frame":10,"values":[0.999,0.0059,0.0435,0,-0.0164,0.9694,0.2449,0,-0.0407,-0.2454,0.9686,0,0,10.1816,0.1315,1]},
{"frame":11,"values":[0.9995,0.0058,0.0315,0,-0.0133,0.9698,0.2437,0,-0.0291,-0.244,0.9693,0,0,10.1816,0.1315,1]},
{"frame":12,"values":[0.9998,0.0057,0.0194,0,-0.0102,0.9701,0.2424,0,-0.0175,-0.2425,0.97,0,0,10.1816,0.1315,1]},
{"frame":13,"values":[0.9999,0.0035,0.0159,0,-0.0073,0.9685,0.249,0,-0.0145,-0.2491,0.9684,0,0,10.1816,0.1315,1]},
{"frame":14,"values":[0.9999,0.0014,0.0123,0,-0.0045,0.9667,0.2557,0,-0.0115,-0.2557,0.9667,0,0,10.1816,0.1315,1]},
{"frame":15,"values":[0.9999,-0.0043,0.0149,0,0.0002,0.9649,0.2627,0,-0.0155,-0.2627,0.9648,0,0,10.1816,0.1315,1]},
{"frame":16,"values":[0.9996,-0.0108,0.0252,0,0.0037,0.9637,0.2669,0,-0.0272,-0.2667,0.9634,0,0,10.1816,0.1315,1]},
{"frame":17,"values":[0.9991,-0.0195,0.0383,0,0.0085,0.9629,0.2698,0,-0.0421,-0.2693,0.9621,0,0,10.1816,0.1315,1]},
{"frame":18,"values":[0.9981,-0.0315,0.0522,0,0.0161,0.9622,0.2717,0,-0.0588,-0.2703,0.961,0,0,10.1816,0.1315,1]},
{"frame":19,"values":[0.9969,-0.0417,0.0674,0,0.0218,0.9619,0.2725,0,-0.0762,-0.2702,0.9598,0,0,10.1816,0.1315,1]},
{"frame":20,"values":[0.9954,-0.0495,0.0822,0,0.0254,0.9619,0.2723,0,-0.0925,-0.269,0.9587,0,0,10.1816,0.1315,1]},
{"frame":21,"values":[0.994,-0.0533,0.096,0,0.0256,0.9626,0.2699,0,-0.1068,-0.2658,0.9581,0,0,10.1816,0.1315,1]},
{"frame":22,"values":[0.9926,-0.054,0.1087,0,0.0229,0.9628,0.2691,0,-0.1192,-0.2646,0.9569,0,0,10.1816,0.1315,1]},
{"frame":23,"values":[0.9912,-0.0518,0.1221,0,0.0173,0.9634,0.2676,0,-0.1315,-0.2631,0.9558,0,0,10.1816,0.1315,1]},
{"frame":24,"values":[0.9899,-0.0468,0.1336,0,0.0106,0.9656,0.2599,0,-0.1412,-0.2558,0.9564,0,0,10.1816,0.1315,1]},
{"frame":25,"values":[0.9896,-0.0376,0.1386,0,0.0021,0.9688,0.2479,0,-0.1436,-0.2451,0.9588,0,0,10.1816,0.1315,1]},
{"frame":26,"values":[0.9892,-0.0284,0.1435,0,-0.0063,0.9718,0.2359,0,-0.1461,-0.2343,0.9611,0,0,10.1816,0.1315,1]},
{"frame":27,"values":[0.989,-0.0183,0.1467,0,-0.014,0.9762,0.2162,0,-0.1471,-0.2159,0.9653,0,0,10.1816,0.1315,1]},
{"frame":28,"values":[0.9887,-0.0081,0.1496,0,-0.0217,0.9803,0.1964,0,-0.1483,-0.1974,0.969,0,0,10.1816,0.1315,1]},
{"frame":29,"values":[0.9881,-0.0006,0.1538,0,-0.0258,0.9851,0.17,0,-0.1516,-0.172,0.9734,0,0,10.1816,0.1315,1]},
{"frame":30,"values":[0.9874,0.007,0.1578,0,-0.0299,0.9892,0.1435,0,-0.1551,-0.1464,0.977,0,0,10.1816,0.1315,1]},
{"frame":31,"values":[0.9855,0.0189,0.1688,0,-0.041,0.9908,0.1286,0,-0.1648,-0.1337,0.9772,0,0,10.1816,0.1315,1]},
{"frame":32,"values":[0.9813,0.0401,0.1883,0,-0.0625,0.9914,0.1145,0,-0.1821,-0.1242,0.9754,0,0,10.1816,0.1315,1]},
{"frame":33,"values":[0.9817,0.0513,0.1833,0,-0.0737,0.9903,0.1175,0,-0.1755,-0.1289,0.976,0,0,10.1816,0.1315,1]},
{"frame":34,"values":[0.982,0.0624,0.1784,0,-0.0848,0.9891,0.1206,0,-0.169,-0.1335,0.9765,0,0,10.1816,0.1315,1]},
{"frame":35,"values":[0.9821,0.0736,0.1735,0,-0.0959,0.9877,0.1237,0,-0.1623,-0.1381,0.977,0,0,10.1816,0.1315,1]},
{"frame":36,"values":[0.982,0.0848,0.1687,0,-0.1069,0.9861,0.1268,0,-0.1556,-0.1426,0.9775,0,0,10.1816,0.1315,1]},
{"frame":37,"values":[0.9836,0.0918,0.155,0,-0.115,0.9823,0.1479,0,-0.1387,-0.1633,0.9768,0,0,10.1816,0.1315,1]},
{"frame":38,"values":[0.9855,0.0949,0.1408,0,-0.1182,0.9788,0.1675,0,-0.1219,-0.1817,0.9758,0,0,10.1816,0.1315,1]},
{"frame":39,"values":[0.9877,0.0883,0.1291,0,-0.1113,0.9768,0.1832,0,-0.11,-0.1953,0.9746,0,0,10.1816,0.1315,1]},
{"frame":40,"values":[0.9898,0.0793,0.1186,0,-0.1019,0.9747,0.1989,0,-0.0998,-0.2089,0.9728,0,0,10.1816,0.1315,1]},
{"frame":41,"values":[0.9914,0.0725,0.1085,0,-0.0945,0.9722,0.2143,0,-0.09,-0.2227,0.9707,0,0,10.1816,0.1315,1]},
{"frame":42,"values":[0.9928,0.0667,0.0991,0,-0.0878,0.9701,0.2264,0,-0.081,-0.2335,0.969,0,0,10.1816,0.1315,1]}],"loopBehavior":1,"name":"anim","property":"_matrix"}},
{"name":"mixamorig:Spine1","index":2,"matrix":[0.9992,-0.0022,0.0402,0,0.0007,0.9993,0.0378,0,-0.0403,-0.0378,0.9985,0,0,10.0835,-1.0008,1],"rest":[1,0,0,0,0,1,0,0,0,0,1,0,0,10.0835,-1.0008,1],"parentBoneIndex":1,"length":9.203
,"animation":{"dataType":3,"framePerSecond":30,"keys":[
{"frame":1,"values":[0.9991,0.013,0.0414,0,-0.0144,0.9993,0.0348,0,-0.0409,-0.0353,0.9985,0,0,10.0835,-1.0008,1]},
{"frame":2,"values":[0.9991,0.009,0.0414,0,-0.0105,0.9993,0.0354,0,-0.041,-0.0358,0.9985,0,0,10.0835,-1.0008,1]},
{"frame":3,"values":[0.9991,0.0051,0.0414,0,-0.0066,0.9993,0.0361,0,-0.0412,-0.0363,0.9985,0,0,10.0835,-1.0008,1]},
{"frame":4,"values":[0.9991,0.0011,0.0414,0,-0.0026,0.9993,0.0367,0,-0.0414,-0.0368,0.9985,0,0,10.0835,-1.0008,1]},
{"frame":5,"values":[0.9992,-0.0022,0.0402,0,0.0007,0.9993,0.0378,0,-0.0403,-0.0378,0.9985,0,0,10.0835,-1.0008,1]},
{"frame":6,"values":[0.9992,-0.0055,0.039,0,0.004,0.9992,0.0389,0,-0.0392,-0.0387,0.9985,0,0,10.0835,-1.0008,1]},
{"frame":7,"values":[0.9993,-0.006,0.0377,0,0.0045,0.9992,0.04,0,-0.0379,-0.0398,0.9985,0,0,10.0835,-1.0008,1]},
{"frame":8,"values":[0.9993,-0.0065,0.0363,0,0.005,0.9991,0.0411,0,-0.0366,-0.0409,0.9985,0,0,10.0835,-1.0008,1]},
{"frame":9,"values":[0.9993,-0.0067,0.0356,0,0.0051,0.9991,0.0427,0,-0.0359,-0.0425,0.9985,0,0,10.0835,-1.0008,1]},
{"frame":10,"values":[0.9994,-0.0068,0.0349,0,0.0053,0.999,0.0443,0,-0.0352,-0.0441,0.9984,0,0,10.0835,-1.0008,1]},
{"frame":11,"values":[0.9994,-0.0057,0.0337,0,0.0042,0.999,0.0445,0,-0.0339,-0.0443,0.9984,0,0,10.0835,-1.0008,1]},
{"frame":12,"values":[0.9995,-0.0046,0.0325,0,0.0031,0.999,0.0447,0,-0.0327,-0.0445,0.9985,0,0,10.0835,-1.0008,1]},
{"frame":13,"values":[0.9995,-0.0072,0.0312,0,0.0057,0.9989,0.0461,0,-0.0315,-0.0459,0.9984,0,0,10.0835,-1.0008,1]},
{"frame":14,"values":[0.9995,-0.0098,0.0299,0,0.0083,0.9988,0.0476,0,-0.0303,-0.0473,0.9984,0,0,10.0835,-1.0008,1]},
{"frame":15,"values":[0.9994,-0.0131,0.0312,0,0.0115,0.9987,0.0499,0,-0.0318,-0.0495,0.9983,0,0,10.0835,-1.0008,1]},
{"frame":16,"values":[0.9993,-0.0152,0.0332,0,0.0135,0.9986,0.0516,0,-0.0339,-0.0512,0.9981,0,0,10.0835,-1.0008,1]},
{"frame":17,"values":[0.9992,-0.0168,0.0355,0,0.0149,0.9985,0.0532,0,-0.0363,-0.0526,0.998,0,0,10.0835,-1.0008,1]},
{"frame":18,"values":[0.9991,-0.0181,0.038,0,0.016,0.9984,0.0546,0,-0.0389,-0.0539,0.9978,0,0,10.0835,-1.0008,1]},
{"frame":19,"values":[0.999,-0.019,0.0407,0,0.0167,0.9983,0.0558,0,-0.0417,-0.055,0.9976,0,0,10.0835,-1.0008,1]},
{"frame":20,"values":[0.9989,-0.0196,0.0434,0,0.0171,0.9982,0.0569,0,-0.0444,-0.0561,0.9974,0,0,10.0835,-1.0008,1]},
{"frame":21,"values":[0.9987,-0.0195,0.0462,0,0.0168,0.9982,0.0577,0,-0.0472,-0.0569,0.9973,0,0,10.0835,-1.0008,1]},
{"frame":22,"values":[0.9986,-0.0184,0.0491,0,0.0155,0.9982,0.0586,0,-0.0501,-0.0578,0.9971,0,0,10.0835,-1.0008,1]},
{"frame":23,"values":[0.9985,-0.0173,0.0525,0,0.0142,0.9981,0.0595,0,-0.0534,-0.0587,0.9968,0,0,10.0835,-1.0008,1]},
{"frame":24,"values":[0.9983,-0.0168,0.0559,0,0.0134,0.9981,0.0596,0,-0.0568,-0.0587,0.9967,0,0,10.0835,-1.0008,1]},
{"frame":25,"values":[0.9982,-0.0163,0.0576,0,0.0129,0.9982,0.0582,0,-0.0585,-0.0573,0.9966,0,0,10.0835,-1.0008,1]},
{"frame":26,"values":[0.9981,-0.0158,0.0594,0,0.0124,0.9983,0.0568,0,-0.0602,-0.0559,0.9966,0,0,10.0835,-1.0008,1]},
{"frame":27,"values":[0.9982,-0.0157,0.0582,0,0.0126,0.9985,0.0542,0,-0.059,-0.0534,0.9968,0,0,10.0835,-1.0008,1]},
{"frame":28,"values":[0.9982,-0.0156,0.057,0,0.0127,0.9986,0.0516,0,-0.0578,-0.0508,0.997,0,0,10.0835,-1.0008,1]},
{"frame":29,"values":[0.9982,-0.0129,0.0586,0,0.0101,0.9988,0.0475,0,-0.0592,-0.0469,0.9971,0,0,10.0835,-1.0008,1]},
{"frame":30,"values":[0.9981,-0.0102,0.0602,0,0.0076,0.999,0.0434,0,-0.0605,-0.0429,0.9972,0,0,10.0835,-1.0008,1]},
{"frame":31,"values":[0.998,-0.0041,0.0627,0,0.0018,0.9993,0.0372,0,-0.0628,-0.037,0.9973,0,0,10.0835,-1.0008,1]},
{"frame":32,"values":[0.9978,0.0021,0.0662,0,-0.0042,0.9995,0.032,0,-0.0661,-0.0322,0.9973,0,0,10.0835,-1.0008,1]},
{"frame":33,"values":[0.998,0.0031,0.0638,0,-0.0051,0.9995,0.0318,0,-0.0637,-0.0321,0.9975,0,0,10.0835,-1.0008,1]},
{"frame":34,"values":[0.9981,0.0041,0.0614,0,-0.006,0.9995,0.0316,0,-0.0613,-0.0319,0.9976,0,0,10.0835,-1.0008,1]},
{"frame":35,"values":[0.9982,0.0051,0.059,0,-0.0069,0.9995,0.0314,0,-0.0589,-0.0318,0.9978,0,0,10.0835,-1.0008,1]},
{"frame":36,"values":[0.9984,0.006,0.0567,0,-0.0078,0.9995,0.0312,0,-0.0564,-0.0316,0.9979,0,0,10.0835,-1.0008,1]},
{"frame":37,"values":[0.9986,0.0068,0.053,0,-0.0086,0.9994,0.0334,0,-0.0528,-0.0338,0.998,0,0,10.0835,-1.0008,1]},
{"frame":38,"values":[0.9987,0.0094,0.0501,0,-0.0111,0.9993,0.0343,0,-0.0497,-0.0348,0.9982,0,0,10.0835,-1.0008,1]},
{"frame":39,"values":[0.9989,0.0094,0.0468,0,-0.011,0.9994,0.0329,0,-0.0464,-0.0334,0.9984,0,0,10.0835,-1.0008,1]},
{"frame":40,"values":[0.999,0.0094,0.044,0,-0.0108,0.9994,0.0319,0,-0.0437,-0.0324,0.9985,0,0,10.0835,-1.0008,1]},
{"frame":41,"values":[0.9991,0.0124,0.0414,0,-0.0137,0.9994,0.0318,0,-0.041,-0.0323,0.9986,0,0,10.0835,-1.0008,1]},
{"frame":42,"values":[0.9991,0.013,0.0414,0,-0.0144,0.9993,0.0348,0,-0.0409,-0.0353,0.9985,0,0,10.0835,-1.0008,1]}],"loopBehavior":1,"name":"anim","property":"_matrix"}},
{"name":"mixamorig:Spine2","index":3,"matrix":[0.9992,-0.0016,0.0407,0,0.0001,0.9993,0.0371,0,-0.0408,-0.0371,0.9985,0,0,9.1,-1.3734,1],"rest":[1,0,0,0,0,1,0,0,0,0,1,0,0,9.1,-1.3734,1],"parentBoneIndex":2,"length":13.7198
,"animation":{"dataType":3,"framePerSecond":30,"keys":[
{"frame":1,"values":[0.9991,0.0137,0.0413,0,-0.0151,0.9993,0.0345,0,-0.0408,-0.0351,0.9985,0,0,9.1,-1.3734,1]},
{"frame":2,"values":[0.9991,0.0097,0.0415,0,-0.0112,0.9993,0.0351,0,-0.0411,-0.0355,0.9985,0,0,9.1,-1.3734,1]},
{"frame":3,"values":[0.9991,0.0058,0.0417,0,-0.0072,0.9993,0.0356,0,-0.0414,-0.0359,0.9985,0,0,9.1,-1.3734,1]},
{"frame":4,"values":[0.9991,0.0018,0.0419,0,-0.0033,0.9993,0.0361,0,-0.0418,-0.0362,0.9985,0,0,9.1,-1.3734,1]},
{"frame":5,"values":[0.9992,-0.0016,0.0407,0,0.0001,0.9993,0.0371,0,-0.0408,-0.0371,0.9985,0,0,9.1,-1.3734,1]},
{"frame":6,"values":[0.9992,-0.005,0.0396,0,0.0035,0.9993,0.0381,0,-0.0398,-0.038,0.9985,0,0,9.1,-1.3734,1]},
{"frame":7,"values":[0.9992,-0.0055,0.0383,0,0.004,0.9992,0.0392,0,-0.0385,-0.039,0.9985,0,0,9.1,-1.3734,1]},
{"frame":8,"values":[0.9993,-0.006,0.0371,0,0.0045,0.9992,0.0403,0,-0.0373,-0.0401,0.9985,0,0,9.1,-1.3734,1]},
{"frame":9,"values":[0.9993,-0.0062,0.0363,0,0.0046,0.9991,0.0419,0,-0.0366,-0.0417,0.9985,0,0,9.1,-1.3734,1]},
{"frame":10,"values":[0.9993,-0.0063,0.0356,0,0.0048,0.999,0.0436,0,-0.0359,-0.0434,0.9984,0,0,9.1,-1.3734,1]},
{"frame":11,"values":[0.9994,-0.0052,0.0344,0,0.0037,0.999,0.0438,0,-0.0346,-0.0437,0.9984,0,0,9.1,-1.3734,1]},
{"frame":12,"values":[0.9994,-0.004,0.0332,0,0.0026,0.999,0.044,0,-0.0333,-0.0439,0.9985,0,0,9.1,-1.3734,1]},
{"frame":13,"values":[0.9995,-0.0067,0.0319,0,0.0052,0.999,0.0455,0,-0.0322,-0.0453,0.9985,0,0,9.1,-1.3734,1]},
{"frame":14,"values":[0.9995,-0.0093,0.0307,0,0.0078,0.9989,0.0469,0,-0.0311,-0.0466,0.9984,0,0,9.1,-1.3734,1]},
{"frame":15,"values":[0.9994,-0.0126,0.0321,0,0.011,0.9987,0.0491,0,-0.0327,-0.0487,0.9983,0,0,9.1,-1.3734,1]},
{"frame":16,"values":[0.9993,-0.0148,0.0342,0,0.013,0.9986,0.0508,0,-0.0349,-0.0503,0.9981,0,0,9.1,-1.3734,1]},
{"frame":17,"values":[0.9992,-0.0165,0.0365,0,0.0146,0.9985,0.0522,0,-0.0374,-0.0517,0.998,0,0,9.1,-1.3734,1]},
{"frame":18,"values":[0.9991,-0.0178,0.0391,0,0.0157,0.9984,0.0536,0,-0.04,-0.0529,0.9978,0,0,9.1,-1.3734,1]},
{"frame":19,"values":[0.999,-0.0188,0.0417,0,0.0165,0.9984,0.0547,0,-0.0426,-0.054,0.9976,0,0,9.1,-1.3734,1]},
{"frame":20,"values":[0.9988,-0.0195,0.0444,0,0.017,0.9983,0.0558,0,-0.0454,-0.055,0.9975,0,0,9.1,-1.3734,1]},
{"frame":21,"values":[0.9987,-0.0195,0.0471,0,0.0168,0.9983,0.0566,0,-0.0482,-0.0557,0.9973,0,0,9.1,-1.3734,1]},
{"frame":22,"values":[0.9986,-0.0185,0.05,0,0.0156,0.9982,0.0575,0,-0.051,-0.0567,0.9971,0,0,9.1,-1.3734,1]},
{"frame":23,"values":[0.9984,-0.0175,0.0534,0,0.0143,0.9982,0.0584,0,-0.0543,-0.0576,0.9969,0,0,9.1,-1.3734,1]},
{"frame":24,"values":[0.9982,-0.0169,0.0567,0,0.0136,0.9982,0.0585,0,-0.0576,-0.0576,0.9967,0,0,9.1,-1.3734,1]},
{"frame":25,"values":[0.9982,-0.0165,0.0584,0,0.0131,0.9983,0.0571,0,-0.0592,-0.0562,0.9967,0,0,9.1,-1.3734,1]},
{"frame":26,"values":[0.9981,-0.016,0.0601,0,0.0126,0.9984,0.0557,0,-0.0609,-0.0548,0.9966,0,0,9.1,-1.3734,1]},
{"frame":27,"values":[0.9981,-0.016,0.0589,0,0.0128,0.9985,0.0531,0,-0.0596,-0.0523,0.9969,0,0,9.1,-1.3734,1]},
{"frame":28,"values":[0.9982,-0.016,0.0577,0,0.0131,0.9986,0.0505,0,-0.0584,-0.0497,0.9971,0,0,9.1,-1.3734,1]},
{"frame":29,"values":[0.9982,-0.0133,0.0592,0,0.0106,0.9989,0.0466,0,-0.0597,-0.0459,0.9972,0,0,9.1,-1.3734,1]},
{"frame":30,"values":[0.9981,-0.0106,0.0606,0,0.0081,0.9991,0.0426,0,-0.061,-0.042,0.9972,0,0,9.1,-1.3734,1]},
{"frame":31,"values":[0.998,-0.0043,0.063,0,0.002,0.9993,0.0367,0,-0.0631,-0.0364,0.9973,0,0,9.1,-1.3734,1]},
{"frame":32,"values":[0.9978,0.0021,0.0664,0,-0.0042,0.9995,0.0316,0,-0.0663,-0.0318,0.9973,0,0,9.1,-1.3734,1]},
{"frame":33,"values":[0.9979,0.003,0.0641,0,-0.0051,0.9995,0.0313,0,-0.0639,-0.0316,0.9975,0,0,9.1,-1.3734,1]},
{"frame":34,"values":[0.9981,0.004,0.0617,0,-0.0059,0.9995,0.0311,0,-0.0615,-0.0314,0.9976,0,0,9.1,-1.3734,1]},
{"frame":35,"values":[0.9982,0.005,0.0593,0,-0.0068,0.9995,0.0308,0,-0.0591,-0.0311,0.9978,0,0,9.1,-1.3734,1]},
{"frame":36,"values":[0.9984,0.0059,0.0569,0,-0.0077,0.9995,0.0305,0,-0.0567,-0.0309,0.9979,0,0,9.1,-1.3734,1]},
{"frame":37,"values":[0.9986,0.0068,0.0533,0,-0.0086,0.9994,0.0327,0,-0.0531,-0.0331,0.998,0,0,9.1,-1.3734,1]},
{"frame":38,"values":[0.9987,0.0095,0.0503,0,-0.0112,0.9994,0.0337,0,-0.0499,-0.0342,0.9982,0,0,9.1,-1.3734,1]},
{"frame":39,"values":[0.9988,0.0086,0.0479,0,-0.0102,0.9994,0.033,0,-0.0476,-0.0334,0.9983,0,0,9.1,-1.3734,1]},
{"frame":40,"values":[0.9989,0.0065,0.0469,0,-0.0081,0.9994,0.034,0,-0.0467,-0.0343,0.9983,0,0,9.1,-1.3734,1]},
{"frame":41,"values":[0.9989,0.0069,0.0454,0,-0.0087,0.9992,0.0384,0,-0.0451,-0.0388,0.9982,0,0,9.1,-1.3734,1]},
{"frame":42,"values":[0.9991,0.0137,0.0413,0,-0.0151,0.9993,0.0345,0,-0.0408,-0.0351,0.9985,0,0,9.1,-1.3734,1]}],"loopBehavior":1,"name":"anim","property":"_matrix"}},
{"name":"mixamorig:Neck","index":4,"matrix":[0.9674,-0.0072,-0.253,0,0.0694,0.9688,0.238,0,0.2434,-0.2478,0.9377,0,0,16.6717,-2.5162,1],"rest":[1,0,0,0,0,1,0,0,0,0,1,0,0,16.6717,-2.5162,1],"parentBoneIndex":3,"length":9.7644
,"animation":{"dataType":3,"framePerSecond":30,"keys":[
{"frame":1,"values":[0.9666,-0.057,-0.2497,0,0.1093,0.9735,0.2008,0,0.2316,-0.2213,0.9473,0,0,16.6717,-2.5162,1]},
{"frame":2,"values":[0.967,-0.0438,-0.2508,0,0.0987,0.9726,0.2107,0,0.2347,-0.2285,0.9448,0,0,16.6717,-2.5162,1]},
{"frame":3,"values":[0.9673,-0.0306,-0.2518,0,0.0882,0.9714,0.2206,0,0.2379,-0.2356,0.9423,0,0,16.6717,-2.5162,1]},
{"frame":4,"values":[0.9674,-0.0174,-0.2527,0,0.0776,0.97,0.2305,0,0.2411,-0.2426,0.9397,0,0,16.6717,-2.5162,1]},
{"frame":5,"values":[0.9674,-0.0072,-0.253,0,0.0694,0.9688,0.238,0,0.2434,-0.2478,0.9377,0,0,16.6717,-2.5162,1]},
{"frame":6,"values":[0.9674,0.0031,-0.2533,0,0.0612,0.9675,0.2455,0,0.2458,-0.253,0.9357,0,0,16.6717,-2.5162,1]},
{"frame":7,"values":[0.9675,0.0029,-0.2528,0,0.0611,0.9675,0.2452,0,0.2453,-0.2527,0.9359,0,0,16.6717,-2.5162,1]},
{"frame":8,"values":[0.9677,0.0028,-0.2523,0,0.061,0.9676,0.245,0,0.2448,-0.2524,0.9361,0,0,16.6717,-2.5162,1]},
{"frame":9,"values":[0.9682,-0.0071,-0.2502,0,0.0684,0.969,0.2375,0,0.2407,-0.2471,0.9386,0,0,16.6717,-2.5162,1]},
{"frame":10,"values":[0.9686,-0.0169,-0.248,0,0.0758,0.9702,0.2301,0,0.2367,-0.2417,0.9411,0,0,16.6717,-2.5162,1]},
{"frame":11,"values":[0.969,-0.0315,-0.2451,0,0.087,0.9719,0.2188,0,0.2313,-0.2334,0.9445,0,0,16.6717,-2.5162,1]},
{"frame":12,"values":[0.9692,-0.0461,-0.2421,0,0.0982,0.9733,0.2076,0,0.2261,-0.225,0.9478,0,0,16.6717,-2.5162,1]},
{"frame":13,"values":[0.9689,-0.0606,-0.24,0,0.1096,0.9744,0.1961,0,0.222,-0.2163,0.9507,0,0,16.6717,-2.5162,1]},
{"frame":14,"values":[0.9684,-0.0751,-0.2378,0,0.121,0.9753,0.1846,0,0.2181,-0.2075,0.9536,0,0,16.6717,-2.5162,1]},
{"frame":15,"values":[0.9675,-0.0866,-0.2375,0,0.1303,0.9759,0.1751,0,0.2167,-0.2003,0.9555,0,0,16.6717,-2.5162,1]},
{"frame":16,"values":[0.9663,-0.0945,-0.2395,0,0.1371,0.9762,0.1682,0,0.2179,-0.1953,0.9562,0,0,16.6717,-2.5162,1]},
{"frame":17,"values":[0.9644,-0.0981,-0.2455,0,0.1411,0.9763,0.1643,0,0.2236,-0.1931,0.9554,0,0,16.6717,-2.5162,1]},
{"frame":18,"values":[0.9618,-0.0986,-0.2555,0,0.1433,0.9763,0.1625,0,0.2334,-0.1929,0.9531,0,0,16.6717,-2.5162,1]},
{"frame":19,"values":[0.9589,-0.0976,-0.2664,0,0.1443,0.9762,0.1619,0,0.2442,-0.1937,0.9502,0,0,16.6717,-2.5162,1]},
{"frame":20,"values":[0.9564,-0.0968,-0.2755,0,0.1453,0.9761,0.1615,0,0.2533,-0.1945,0.9476,0,0,16.6717,-2.5162,1]},
{"frame":21,"values":[0.9549,-0.0976,-0.2805,0,0.1468,0.9761,0.1604,0,0.2581,-0.1943,0.9464,0,0,16.6717,-2.5162,1]},
{"frame":22,"values":[0.9539,-0.0993,-0.2834,0,0.1488,0.976,0.1588,0,0.2608,-0.1936,0.9458,0,0,16.6717,-2.5162,1]},
{"frame":23,"values":[0.9532,-0.1015,-0.2849,0,0.1508,0.976,0.1571,0,0.2621,-0.1927,0.9456,0,0,16.6717,-2.5162,1]},
{"frame":24,"values":[0.9528,-0.1038,-0.2853,0,0.1528,0.976,0.1554,0,0.2623,-0.1917,0.9458,0,0,16.6717,-2.5162,1]},
{"frame":25,"values":[0.9528,-0.1056,-0.2847,0,0.1543,0.9759,0.1543,0,0.2615,-0.1909,0.9461,0,0,16.6717,-2.5162,1]},
{"frame":26,"values":[0.9528,-0.1074,-0.2841,0,0.1557,0.9759,0.1532,0,0.2607,-0.1902,0.9465,0,0,16.6717,-2.5162,1]},
{"frame":27,"values":[0.9531,-0.1075,-0.283,0,0.1557,0.9758,0.1534,0,0.2597,-0.1903,0.9468,0,0,16.6717,-2.5162,1]},
{"frame":28,"values":[0.9534,-0.1077,-0.282,0,0.1557,0.9758,0.1537,0,0.2586,-0.1904,0.947,0,0,16.6717,-2.5162,1]},
{"frame":29,"values":[0.9539,-0.1059,-0.2808,0,0.1541,0.9758,0.1555,0,0.2575,-0.1916,0.9471,0,0,16.6717,-2.5162,1]},
{"frame":30,"values":[0.9545,-0.1041,-0.2796,0,0.1525,0.9757,0.1573,0,0.2564,-0.1927,0.9471,0,0,16.6717,-2.5162,1]},
{"frame":31,"values":[0.9552,-0.1014,-0.2779,0,0.15,0.9757,0.1598,0,0.255,-0.1944,0.9472,0,0,16.6717,-2.5162,1]},
{"frame":32,"values":[0.9561,-0.0982,-0.276,0,0.1472,0.9756,0.1628,0,0.2533,-0.1963,0.9473,0,0,16.6717,-2.5162,1]},
{"frame":33,"values":[0.9572,-0.0942,-0.2735,0,0.1436,0.9755,0.1665,0,0.2512,-0.1987,0.9473,0,0,16.6717,-2.5162,1]},
{"frame":34,"values":[0.9583,-0.0902,-0.2711,0,0.1399,0.9754,0.1702,0,0.2491,-0.2011,0.9474,0,0,16.6717,-2.5162,1]},
{"frame":35,"values":[0.9594,-0.0862,-0.2686,0,0.1363,0.9753,0.1739,0,0.247,-0.2034,0.9474,0,0,16.6717,-2.5162,1]},
{"frame":36,"values":[0.9604,-0.0822,-0.2662,0,0.1326,0.9751,0.1776,0,0.2449,-0.2058,0.9474,0,0,16.6717,-2.5162,1]},
{"frame":37,"values":[0.9616,-0.0777,-0.2634,0,0.1286,0.9749,0.1816,0,0.2426,-0.2085,0.9474,0,0,16.6717,-2.5162,1]},
{"frame":38,"values":[0.9627,-0.0733,-0.2605,0,0.1245,0.9747,0.1857,0,0.2403,-0.2112,0.9474,0,0,16.6717,-2.5162,1]},
{"frame":39,"values":[0.9638,-0.069,-0.2577,0,0.1204,0.9744,0.1897,0,0.238,-0.2139,0.9474,0,0,16.6717,-2.5162,1]},
{"frame":40,"values":[0.9648,-0.0647,-0.2549,0,0.1165,0.9741,0.1936,0,0.2358,-0.2165,0.9474,0,0,16.6717,-2.5162,1]},
{"frame":41,"values":[0.9658,-0.0607,-0.2522,0,0.1128,0.9738,0.1973,0,0.2337,-0.219,0.9473,0,0,16.6717,-2.5162,1]},
{"frame":42,"values":[0.9666,-0.057,-0.2497,0,0.1093,0.9735,0.2008,0,0.2316,-0.2213,0.9473,0,0,16.6717,-2.5162,1]}],"loopBehavior":1,"name":"anim","property":"_matrix"}},
{"name":"mixamorig:Head","index":5,"matrix":[0.9822,0.1208,-0.144,0,-0.0724,0.9501,0.3034,0,0.1735,-0.2875,0.9419,0,0,9.6179,1.685,1],"rest":[1,0,0,0,0,1,0,0,0,0,1,0,0,9.6179,1.685,1],"parentBoneIndex":4,"length":13.7945
,"animation":{"dataType":3,"framePerSecond":30,"keys":[
{"frame":1,"values":[0.9822,0.1208,-0.144,0,-0.0724,0.9501,0.3034,0,0.1735,-0.2875,0.9419,0,0,9.6179,1.685,1]},
{"frame":42,"values":[0.9822,0.1208,-0.144,0,-0.0724,0.9501,0.3034,0,0.1735,-0.2875,0.9419,0,0,9.6179,1.685,1]}],"loopBehavior":1,"name":"anim","property":"_matrix"}},
{"name":"mixamorig:HeadTop_End","index":6,"matrix":[1,0,0,0,0,1,0,0,0,0,1,0,0,17.8152,2.585,1],"rest":[1,0,0,0,0,1,0,0,0,0,1,0,0,17.8152,2.585,1],"parentBoneIndex":5,"length":13.7945
,"animation":{"dataType":3,"framePerSecond":30,"keys":[
{"frame":1,"values":[1,0,0,0,0,1,0,0,0,0,1,0,0,17.8152,2.585,1]},
{"frame":42,"values":[1,0,0,0,0,1,0,0,0,0,1,0,0,17.8152,2.585,1]}],"loopBehavior":1,"name":"anim","property":"_matrix"}},
{"name":"mixamorig:LeftEye","index":7,"matrix":[1,0,0,0,0,1,0,0,0,0,1,0,3.0676,6.4095,9.2836,1],"rest":[1,0,0,0,0,1,0,0,0,0,1,0,3.0676,6.4095,9.2836,1],"parentBoneIndex":5,"length":13.7945
,"animation":{"dataType":3,"framePerSecond":30,"keys":[
{"frame":1,"values":[1,0,0,0,0,1,0,0,0,0,1,0,3.0676,6.4095,9.2836,1]},
{"frame":42,"values":[1,0,0,0,0,1,0,0,0,0,1,0,3.0676,6.4095,9.2836,1]}],"loopBehavior":1,"name":"anim","property":"_matrix"}},
{"name":"mixamorig:RightEye","index":8,"matrix":[1,0,0,0,0,1,0,0,0,0,1,0,-3.0676,6.4095,9.2835,1],"rest":[1,0,0,0,0,1,0,0,0,0,1,0,-3.0676,6.4095,9.2835,1],"parentBoneIndex":5,"length":13.7945
,"animation":{"dataType":3,"framePerSecond":30,"keys":[
{"frame":1,"values":[1,0,0,0,0,1,0,0,0,0,1,0,-3.0676,6.4095,9.2835,1]},
{"frame":42,"values":[1,0,0,0,0,1,0,0,0,0,1,0,-3.0676,6.4095,9.2835,1]}],"loopBehavior":1,"name":"anim","property":"_matrix"}},
{"name":"mixamorig:LeftShoulder","index":9,"matrix":[0.9584,-0.2185,0.1838,0,0.2136,0.9758,0.0461,0,-0.1894,-0.005,0.9819,0,4.5704,10.946,-2.628,1],"rest":[1,0,0,0,0,1,0,0,0,0,1,0,4.5704,10.946,-2.628,1],"parentBoneIndex":3,"length":10.8377
,"animation":{"dataType":3,"framePerSecond":30,"keys":[
{"frame":1,"values":[0.9547,-0.2225,0.1974,0,0.217,0.9749,0.0494,0,-0.2035,-0.0043,0.9791,0,4.5704,10.946,-2.628,1]},
{"frame":2,"values":[0.9566,-0.2194,0.1916,0,0.2141,0.9756,0.0478,0,-0.1974,-0.0047,0.9803,0,4.5704,10.946,-2.628,1]},
{"frame":3,"values":[0.9585,-0.2162,0.1858,0,0.2112,0.9763,0.0463,0,-0.1914,-0.0051,0.9815,0,4.5704,10.946,-2.628,1]},
{"frame":4,"values":[0.9604,-0.213,0.1799,0,0.2083,0.977,0.0447,0,-0.1853,-0.0055,0.9827,0,4.5704,10.946,-2.628,1]},
{"frame":5,"values":[0.9584,-0.2185,0.1838,0,0.2136,0.9758,0.0461,0,-0.1894,-0.005,0.9819,0,4.5704,10.946,-2.628,1]},
{"frame":6,"values":[0.9564,-0.224,0.1876,0,0.219,0.9746,0.0476,0,-0.1935,-0.0044,0.9811,0,4.5704,10.946,-2.628,1]},
{"frame":7,"values":[0.9572,-0.2217,0.1861,0,0.2168,0.9751,0.047,0,-0.1919,-0.0047,0.9814,0,4.5704,10.946,-2.628,1]},
{"frame":8,"values":[0.958,-0.2194,0.1846,0,0.2145,0.9756,0.0464,0,-0.1903,-0.0049,0.9817,0,4.5704,10.946,-2.628,1]},
{"frame":9,"values":[0.961,-0.2122,0.1775,0,0.2077,0.9772,0.0442,0,-0.1828,-0.0056,0.9831,0,4.5704,10.946,-2.628,1]},
{"frame":10,"values":[0.9638,-0.205,0.1703,0,0.2008,0.9787,0.042,0,-0.1753,-0.0062,0.9845,0,4.5704,10.946,-2.628,1]},
{"frame":11,"values":[0.9672,-0.1961,0.1613,0,0.1923,0.9806,0.0393,0,-0.1659,-0.007,0.9861,0,4.5704,10.946,-2.628,1]},
{"frame":12,"values":[0.9705,-0.1872,0.1523,0,0.1837,0.9823,0.0366,0,-0.1565,-0.0076,0.9877,0,4.5704,10.946,-2.628,1]},
{"frame":13,"values":[0.9709,-0.1871,0.1498,0,0.1837,0.9823,0.0362,0,-0.1539,-0.0076,0.9881,0,4.5704,10.946,-2.628,1]},
{"frame":14,"values":[0.9713,-0.1871,0.1472,0,0.1838,0.9823,0.0357,0,-0.1513,-0.0077,0.9885,0,4.5704,10.946,-2.628,1]},
{"frame":15,"values":[0.9708,-0.1894,0.1473,0,0.1861,0.9819,0.036,0,-0.1515,-0.0076,0.9884,0,4.5704,10.946,-2.628,1]},
{"frame":16,"values":[0.9717,-0.1884,0.1426,0,0.1853,0.9821,0.0351,0,-0.1467,-0.0077,0.9892,0,4.5704,10.946,-2.628,1]},
{"frame":17,"values":[0.9728,-0.1859,0.1385,0,0.1829,0.9825,0.0341,0,-0.1424,-0.0078,0.9898,0,4.5704,10.946,-2.628,1]},
{"frame":18,"values":[0.9726,-0.1855,0.1404,0,0.1824,0.9826,0.0344,0,-0.1443,-0.0079,0.9895,0,4.5704,10.946,-2.628,1]},
{"frame":19,"values":[0.9706,-0.1895,0.148,0,0.1862,0.9818,0.0362,0,-0.1522,-0.0076,0.9883,0,4.5704,10.946,-2.628,1]},
{"frame":20,"values":[0.9687,-0.1943,0.1546,0,0.1907,0.9809,0.0379,0,-0.159,-0.0072,0.9873,0,4.5704,10.946,-2.628,1]},
{"frame":21,"values":[0.9678,-0.1961,0.1577,0,0.1924,0.9805,0.0387,0,-0.1622,-0.0071,0.9867,0,4.5704,10.946,-2.628,1]},
{"frame":22,"values":[0.9674,-0.196,0.1605,0,0.1922,0.9806,0.0392,0,-0.165,-0.0071,0.9863,0,4.5704,10.946,-2.628,1]},
{"frame":23,"values":[0.9662,-0.1975,0.1655,0,0.1935,0.9803,0.0404,0,-0.1702,-0.007,0.9854,0,4.5704,10.946,-2.628,1]},
{"frame":24,"values":[0.9639,-0.2018,0.1736,0,0.1974,0.9794,0.0424,0,-0.1785,-0.0066,0.9839,0,4.5704,10.946,-2.628,1]},
{"frame":25,"values":[0.9631,-0.203,0.1767,0,0.1984,0.9792,0.0431,0,-0.1818,-0.0065,0.9833,0,4.5704,10.946,-2.628,1]},
{"frame":26,"values":[0.9623,-0.2041,0.1799,0,0.1995,0.9789,0.0439,0,-0.1851,-0.0064,0.9827,0,4.5704,10.946,-2.628,1]},
{"frame":27,"values":[0.9617,-0.2063,0.1805,0,0.2016,0.9785,0.0442,0,-0.1857,-0.0062,0.9826,0,4.5704,10.946,-2.628,1]},
{"frame":28,"values":[0.9611,-0.2085,0.1811,0,0.2037,0.978,0.0446,0,-0.1864,-0.006,0.9825,0,4.5704,10.946,-2.628,1]},
{"frame":29,"values":[0.9592,-0.2126,0.1865,0,0.2076,0.9771,0.0461,0,-0.192,-0.0055,0.9814,0,4.5704,10.946,-2.628,1]},
{"frame":30,"values":[0.9572,-0.2167,0.1918,0,0.2114,0.9762,0.0476,0,-0.1976,-0.005,0.9803,0,4.5704,10.946,-2.628,1]},
{"frame":31,"values":[0.9569,-0.2155,0.1948,0,0.2101,0.9765,0.0481,0,-0.2006,-0.005,0.9797,0,4.5704,10.946,-2.628,1]},
{"frame":32,"values":[0.9554,-0.2173,0.1998,0,0.2117,0.9761,0.0493,0,-0.2058,-0.0048,0.9786,0,4.5704,10.946,-2.628,1]},
{"frame":33,"values":[0.9557,-0.2182,0.1977,0,0.2127,0.9759,0.0489,0,-0.2036,-0.0047,0.979,0,4.5704,10.946,-2.628,1]},
{"frame":34,"values":[0.9559,-0.2191,0.1956,0,0.2137,0.9757,0.0486,0,-0.2015,-0.0046,0.9795,0,4.5704,10.946,-2.628,1]},
{"frame":35,"values":[0.9561,-0.22,0.1935,0,0.2147,0.9755,0.0482,0,-0.1994,-0.0045,0.9799,0,4.5704,10.946,-2.628,1]},
{"frame":36,"values":[0.9563,-0.2209,0.1914,0,0.2157,0.9753,0.0478,0,-0.1973,-0.0045,0.9803,0,4.5704,10.946,-2.628,1]},
{"frame":37,"values":[0.9567,-0.2196,0.1909,0,0.2145,0.9756,0.0476,0,-0.1966,-0.0046,0.9805,0,4.5704,10.946,-2.628,1]},
{"frame":38,"values":[0.9562,-0.2204,0.1928,0,0.2151,0.9754,0.0481,0,-0.1987,-0.0045,0.9801,0,4.5704,10.946,-2.628,1]},
{"frame":39,"values":[0.9551,-0.222,0.1962,0,0.2165,0.975,0.049,0,-0.2022,-0.0043,0.9793,0,4.5704,10.946,-2.628,1]},
{"frame":40,"values":[0.9542,-0.223,0.1993,0,0.2174,0.9748,0.0498,0,-0.2054,-0.0042,0.9787,0,4.5704,10.946,-2.628,1]},
{"frame":41,"values":[0.9541,-0.2232,0.1997,0,0.2176,0.9748,0.05,0,-0.2058,-0.0042,0.9786,0,4.5704,10.946,-2.628,1]},
{"frame":42,"values":[0.9547,-0.2225,0.1974,0,0.217,0.9749,0.0494,0,-0.2035,-0.0043,0.9791,0,4.5704,10.946,-2.628,1]}],"loopBehavior":1,"name":"anim","property":"_matrix"}},
{"name":"mixamorig:LeftArm","index":10,"matrix":[0.7293,-0.2433,0.6394,0,0.6229,0.6229,-0.4734,0,-0.2831,0.7435,0.6058,0,10.5924,-0.5246,-2.2321,1],"rest":[1,0,0,0,0,1,0,0,0,0,1,0,10.5924,-0.5246,-2.2321,1],"parentBoneIndex":9,"length":27.8415
,"animation":{"dataType":3,"framePerSecond":30,"keys":[
{"frame":1,"values":[0.7282,-0.2289,0.646,0,0.6245,0.61,-0.4878,0,-0.2824,0.7586,0.5871,0,10.5924,-0.5246,-2.2321,1]},
{"frame":2,"values":[0.727,-0.2349,0.6452,0,0.6258,0.6132,-0.482,0,-0.2824,0.7542,0.5928,0,10.5924,-0.5246,-2.2321,1]},
{"frame":3,"values":[0.7258,-0.2408,0.6443,0,0.6272,0.6164,-0.4761,0,-0.2825,0.7497,0.5985,0,10.5924,-0.5246,-2.2321,1]},
{"frame":4,"values":[0.7247,-0.2468,0.6434,0,0.6285,0.6196,-0.4702,0,-0.2826,0.7451,0.6041,0,10.5924,-0.5246,-2.2321,1]},
{"frame":5,"values":[0.7293,-0.2433,0.6394,0,0.6229,0.6229,-0.4734,0,-0.2831,0.7435,0.6058,0,10.5924,-0.5246,-2.2321,1]},
{"frame":6,"values":[0.7339,-0.2398,0.6355,0,0.6172,0.6261,-0.4765,0,-0.2836,0.7419,0.6076,0,10.5924,-0.5246,-2.2321,1]},
{"frame":7,"values":[0.732,-0.2435,0.6363,0,0.619,0.6278,-0.4719,0,-0.2846,0.7393,0.6103,0,10.5924,-0.5246,-2.2321,1]},
{"frame":8,"values":[0.7301,-0.2471,0.6371,0,0.6208,0.6295,-0.4673,0,-0.2856,0.7367,0.613,0,10.5924,-0.5246,-2.2321,1]},
{"frame":9,"values":[0.7246,-0.2523,0.6413,0,0.6259,0.6304,-0.4592,0,-0.2884,0.7341,0.6147,0,10.5924,-0.5246,-2.2321,1]},
{"frame":10,"values":[0.7191,-0.2576,0.6454,0,0.631,0.6312,-0.451,0,-0.2912,0.7316,0.6164,0,10.5924,-0.5246,-2.2321,1]},
{"frame":11,"values":[0.7156,-0.2668,0.6456,0,0.6349,0.6336,-0.442,0,-0.2912,0.7262,0.6228,0,10.5924,-0.5246,-2.2321,1]},
{"frame":12,"values":[0.7121,-0.2759,0.6456,0,0.6389,0.636,-0.4329,0,-0.2911,0.7207,0.6291,0,10.5924,-0.5246,-2.2321,1]},
{"frame":13,"values":[0.7196,-0.2686,0.6404,0,0.6332,0.6323,-0.4463,0,-0.285,0.7266,0.6251,0,10.5924,-0.5246,-2.2321,1]},
{"frame":14,"values":[0.727,-0.2613,0.635,0,0.6274,0.6285,-0.4596,0,-0.279,0.7326,0.6209,0,10.5924,-0.5246,-2.2321,1]},
{"frame":15,"values":[0.7389,-0.248,0.6265,0,0.6168,0.6231,-0.4809,0,-0.2711,0.7418,0.6134,0,10.5924,-0.5246,-2.2321,1]},
{"frame":16,"values":[0.7478,-0.2403,0.6189,0,0.6095,0.6182,-0.4963,0,-0.2634,0.7484,0.6088,0,10.5924,-0.5246,-2.2321,1]},
{"frame":17,"values":[0.7581,-0.2398,0.6064,0,0.6015,0.6164,-0.5081,0,-0.252,0.75,0.6116,0,10.5924,-0.5246,-2.2321,1]},
{"frame":18,"values":[0.772,-0.2373,0.5897,0,0.5882,0.6184,-0.5212,0,-0.2409,0.7492,0.617,0,10.5924,-0.5246,-2.2321,1]},
{"frame":19,"values":[0.7868,-0.2301,0.5727,0,0.5728,0.6179,-0.5387,0,-0.2299,0.7519,0.618,0,10.5924,-0.5246,-2.2321,1]},
{"frame":20,"values":[0.7969,-0.2286,0.5592,0,0.5638,0.6139,-0.5525,0,-0.2169,0.7556,0.6181,0,10.5924,-0.5246,-2.2321,1]},
{"frame":21,"values":[0.8012,-0.2338,0.5508,0,0.5622,0.6093,-0.5592,0,-0.2049,0.7577,0.6196,0,10.5924,-0.5246,-2.2321,1]},
{"frame":22,"values":[0.8026,-0.2405,0.5459,0,0.5637,0.6052,-0.5621,0,-0.1952,0.7589,0.6213,0,10.5924,-0.5246,-2.2321,1]},
{"frame":23,"values":[0.8041,-0.2459,0.5413,0,0.5642,0.6025,-0.5644,0,-0.1874,0.7593,0.6232,0,10.5924,-0.5246,-2.2321,1]},
{"frame":24,"values":[0.8076,-0.251,0.5337,0,0.5617,0.6032,-0.5663,0,-0.1798,0.7571,0.6281,0,10.5924,-0.5246,-2.2321,1]},
{"frame":25,"values":[0.8056,-0.261,0.5318,0,0.5662,0.6034,-0.5615,0,-0.1744,0.7535,0.6339,0,10.5924,-0.5246,-2.2321,1]},
{"frame":26,"values":[0.8036,-0.271,0.5299,0,0.5707,0.6036,-0.5567,0,-0.169,0.7498,0.6397,0,10.5924,-0.5246,-2.2321,1]},
{"frame":27,"values":[0.8003,-0.2791,0.5307,0,0.5757,0.6051,-0.5499,0,-0.1676,0.7456,0.6449,0,10.5924,-0.5246,-2.2321,1]},
{"frame":28,"values":[0.7969,-0.2873,0.5314,0,0.5807,0.6065,-0.543,0,-0.1663,0.7414,0.6502,0,10.5924,-0.5246,-2.2321,1]},
{"frame":29,"values":[0.7983,-0.2953,0.5249,0,0.5795,0.6138,-0.5361,0,-0.1639,0.7321,0.6612,0,10.5924,-0.5246,-2.2321,1]},
{"frame":30,"values":[0.7997,-0.3032,0.5182,0,0.5783,0.6211,-0.529,0,-0.1614,0.7227,0.672,0,10.5924,-0.5246,-2.2321,1]},
{"frame":31,"values":[0.7962,-0.3131,0.5177,0,0.5834,0.6241,-0.5198,0,-0.1603,0.7159,0.6795,0,10.5924,-0.5246,-2.2321,1]},
{"frame":32,"values":[0.7935,-0.317,0.5195,0,0.5869,0.6247,-0.5152,0,-0.1612,0.7137,0.6817,0,10.5924,-0.5246,-2.2321,1]},
{"frame":33,"values":[0.7873,-0.3038,0.5365,0,0.5896,0.6253,-0.5112,0,-0.1801,0.7188,0.6715,0,10.5924,-0.5246,-2.2321,1]},
{"frame":34,"values":[0.7808,-0.2905,0.5532,0,0.5923,0.626,-0.5072,0,-0.1989,0.7237,0.6609,0,10.5924,-0.5246,-2.2321,1]},
{"frame":35,"values":[0.7738,-0.2771,0.5696,0,0.5949,0.6268,-0.5032,0,-0.2176,0.7282,0.6499,0,10.5924,-0.5246,-2.2321,1]},
{"frame":36,"values":[0.7664,-0.2637,0.5858,0,0.5974,0.6276,-0.4991,0,-0.2361,0.7325,0.6385,0,10.5924,-0.5246,-2.2321,1]},
{"frame":37,"values":[0.7579,-0.2506,0.6023,0,0.6013,0.6265,-0.496,0,-0.2531,0.7381,0.6255,0,10.5924,-0.5246,-2.2321,1]},
{"frame":38,"values":[0.7505,-0.2422,0.6149,0,0.6062,0.6229,-0.4944,0,-0.2633,0.7438,0.6143,0,10.5924,-0.5246,-2.2321,1]},
{"frame":39,"values":[0.7441,-0.2366,0.6247,0,0.612,0.6163,-0.4956,0,-0.2678,0.7512,0.6034,0,10.5924,-0.5246,-2.2321,1]},
{"frame":40,"values":[0.738,-0.231,0.6341,0,0.6177,0.6095,-0.4969,0,-0.2717,0.7584,0.5925,0,10.5924,-0.5246,-2.2321,1]},
{"frame":41,"values":[0.7318,-0.2255,0.6432,0,0.6219,0.6069,-0.4949,0,-0.2787,0.7621,0.5843,0,10.5924,-0.5246,-2.2321,1]},
{"frame":42,"values":[0.7282,-0.2289,0.646,0,0.6245,0.61,-0.4878,0,-0.2824,0.7586,0.5871,0,10.5924,-0.5246,-2.2321,1]}],"loopBehavior":1,"name":"anim","property":"_matrix"}},
{"name":"mixamorig:LeftForeArm","index":11,"matrix":[0.469,0,0.8832,0,0,1,0,0,-0.8832,0,0.469,0,27.8415,-0.0001,0,1],"rest":[1,0,0,0,0,1,0,0,0,0,1,0,27.8415,-0.0001,0,1],"parentBoneIndex":10,"length":28.3288
,"animation":{"dataType":3,"framePerSecond":30,"keys":[
{"frame":1,"values":[0.4931,0,0.87,0,0,1,0,0,-0.87,0,0.4931,0,27.8415,-0.0001,0,1]},
{"frame":2,"values":[0.4872,0,0.8733,0,0,1,0,0,-0.8733,0,0.4872,0,27.8415,-0.0001,0,1]},
{"frame":3,"values":[0.4814,0,0.8765,0,0,1,0,0,-0.8765,0,0.4814,0,27.8415,-0.0001,0,1]},
{"frame":4,"values":[0.4755,0,0.8797,0,0,1,0,0,-0.8797,0,0.4755,0,27.8415,-0.0001,0,1]},
{"frame":5,"values":[0.469,0,0.8832,0,0,1,0,0,-0.8832,0,0.469,0,27.8415,-0.0001,0,1]},
{"frame":6,"values":[0.4625,0,0.8866,0,0,1,0,0,-0.8866,0,0.4625,0,27.8415,-0.0001,0,1]},
{"frame":7,"values":[0.4601,0,0.8879,0,0,1,0,0,-0.8879,0,0.4601,0,27.8415,-0.0001,0,1]},
